*** Result of iteration 1 ****
                                        
      13                                
    1                                   
   3 1 3                                
    131 3                      13       
   1 3 1                     31         
    31  313              13 13          
  1 313 1               3 1  31         
  3131 3              1 31 313 13       
   1  3131          3  13 1  3  13      
  13 1 31 3        1  3  1 31 31 31     
    31 3 1  3         13   1  31        
   31 31  31             3 1 3 1        
     31 31              3 1 3 1 31      
       3                 13   1 31      
    32   42          4 2  4 24 24       
       2                4  2 42         
                          4 2  42       
                           4 2          
                        4   2           
                                        
                                        
       4  2                             
                            4           
   24 242                               
     42                     4           
    2  42                  4242         
   4 2424               24  24          
    2 42 4242 4        2424  24         
  24 2424               24  24 24       
    24 2  42        4  24 24    24      
   2 42  42               42 42  42     
  42  42                 42 42  42      
                          42  42        
                                        
*** Result of iteration 2 ****
                                        
      33                                
    3                                   
   3 3 3                                
    333 3                      11       
   3 3 3                     11         
    33  333              11 11          
  3 333 3               1 1  11         
  3333 3              1 11 111 11       
   3  3333          1  11 1  1  11      
  33 3 33 3        1  1  1 11 11 11     
    33 3 3  3         11   1  11        
   33 33  33             1 1 1 1        
     33 33              1 1 1 1 11      
       3                 11   1 11      
    33   33          3 1  1 11 11       
       3                1  1 44         
                          4 4  44       
                           4 4          
                        4   4           
                                        
                                        
       2  2                             
                            4           
   22 222                               
     22                     4           
    2  22                  4444         
   2 2222               44  44          
    2 22 2222 2        4444  44         
  22 2222               44  44 44       
    22 2  22        4  44 44    44      
   2 22  22               44 44  44     
  22  22                 44 44  44      
                          44  44        
                                        
*** Result of iteration 3 ****
                                        
      33                                
    3                                   
   3 3 3                                
    333 3                      11       
   3 3 3                     11         
    33  333              11 11          
  3 333 3               1 1  11         
  3333 3              1 11 111 11       
   3  3333          1  11 1  1  11      
  33 3 33 3        1  1  1 11 11 11     
    33 3 3  3         11   1  11        
   33 33  33             1 1 1 1        
     33 33              1 1 1 1 11      
       3                 11   1 11      
    33   33          3 1  1 11 11       
       3                1  1 11         
                          1 1  11       
                           1 1          
                        4   4           
                                        
                                        
       2  2                             
                            4           
   22 222                               
     22                     4           
    2  22                  4444         
   2 2222               44  44          
    2 22 2222 2        4444  44         
  22 2222               44  44 44       
    22 2  22        4  44 44    44      
   2 22  22               44 44  44     
  22  22                 44 44  44      
                          44  44        
                                        
*** Result of iteration 4 ****
                                        
      33                                
    3                                   
   3 3 3                                
    333 3                      11       
   3 3 3                     11         
    33  333              11 11          
  3 333 3               1 1  11         
  3333 3              1 11 111 11       
   3  3333          1  11 1  1  11      
  33 3 33 3        1  1  1 11 11 11     
    33 3 3  3         11   1  11        
   33 33  33             1 1 1 1        
     33 33              1 1 1 1 11      
       3                 11   1 11      
    33   33          1 1  1 11 11       
       3                1  1 11         
                          1 1  11       
                           1 1          
                        4   4           
                                        
                                        
       2  2                             
                            4           
   22 222                               
     22                     4           
    2  22                  4444         
   2 2222               44  44          
    2 22 2222 2        4444  44         
  22 2222               44  44 44       
    22 2  22        4  44 44    44      
   2 22  22               44 44  44     
  22  22                 44 44  44      
                          44  44        
                                        
